no_finger_results = [
  {
    "nodes": 2,
    "join_avg": 0.019354899724324543,
    "join_std": 0.0,
    "total_time": 0.019354899724324543,
    "joins_count": 1
  },
  {
    "nodes": 4,
    "join_avg": 0.012240992652045356,
    "join_std": 0.006131306646596768,
    "total_time": 0.03672297795613607,
    "joins_count": 3
  }
]